image: large_map_hector_2.png
resolution: 0.050000
origin: [-138.264984, -0.025000, 0.000000]
negate: 0
occupied_thresh: 0.65
free_thresh: 0.196
